image: scans.png
resolution: 0.05
origin: [-8.376147270202637, -9.418572425842285, 0.0]
negate: 0
occupied_thresh: 0.65
free_thresh: 0.196
